48.0
51.333333333333336
67.0
47.666666666666664
51.333333333333336
51.666666666666664
65.0
70.33333333333333
59.666666666666664
63.666666666666664
49.0
57.666666666666664
63.333333333333336
76.66666666666667
54.0
94.0
31.666666666666668
83.66666666666667
38.333333333333336
80.33333333333333
48.0
63.666666666666664
81.33333333333333
79.0
87.0
62.0
60.333333333333336
65.0
57.0
65.0
63.666666666666664
70.33333333333333
68.33333333333333
51.0
69.66666666666667
63.666666666666664
34.333333333333336
69.33333333333333
41.666666666666664
58.333333333333336
40.0
63.333333333333336
66.66666666666667
57.0
75.0
49.0
75.66666666666667
68.33333333333333
45.666666666666664
74.0
83.33333333333333
62.0
51.333333333333336
57.0
47.666666666666664
56.666666666666664
59.333333333333336
60.333333333333336
60.0
49.0
65.66666666666667
77.66666666666667
69.33333333333333
68.33333333333333
70.33333333333333
71.33333333333333
41.0
65.33333333333333
68.33333333333333
56.0
81.66666666666667
70.66666666666667
67.66666666666667
65.33333333333333
61.0
69.0
57.666666666666664
55.0
61.0
56.333333333333336
58.333333333333336
61.333333333333336
66.33333333333333
57.666666666666664
67.0
63.333333333333336
55.0
70.33333333333333
60.666666666666664
60.0
49.0
72.33333333333333
68.0
52.666666666666664
76.33333333333333
64.0
51.0
75.66666666666667
56.0
33.666666666666664
71.33333333333333
72.33333333333333
69.66666666666667
60.0
56.0
55.333333333333336
60.666666666666664
68.0
38.333333333333336
55.0
78.33333333333333
67.66666666666667
73.0
68.33333333333333
67.33333333333333
60.666666666666664
67.66666666666667
83.0
32.333333333333336
78.33333333333333
48.333333333333336
53.666666666666664
79.0
46.666666666666664
74.0
67.0
75.66666666666667
62.333333333333336
77.33333333333333
55.0
64.66666666666667
50.666666666666664
45.666666666666664
87.66666666666667
89.66666666666667
59.0
57.666666666666664
71.66666666666667
63.666666666666664
60.0
72.0
58.666666666666664
75.33333333333333
37.0
32.666666666666664
73.66666666666667
31.333333333333332
56.0
67.33333333333333
62.666666666666664
57.333333333333336
62.496688741721854 62.9271523178808 60.90066225165563